0 0.006836 0.155762 0.011719 0.022461
0 0.020020 0.213379 0.026367 0.026367
0 0.036133 0.346680 0.031250 0.025391
0 0.136719 0.350586 0.031250 0.029297
0 0.167969 0.286133 0.021484 0.021484
0 0.206055 0.332520 0.019531 0.016602
0 0.214844 0.289551 0.027344 0.024414
0 0.258301 0.268555 0.030273 0.029297
0 0.131836 0.152344 0.037109 0.035156
0 0.145508 0.132812 0.019531 0.017578
0 0.164551 0.131348 0.028320 0.026367
0 0.083008 0.074219 0.027344 0.029297
0 0.100586 0.055176 0.023438 0.022461
0 0.110840 0.028809 0.024414 0.020508
0 0.813965 0.346680 0.028320 0.029297
