0 0.032428 0.038563 0.022787 0.022787
0 0.034619 0.123576 0.018405 0.019281
0 0.150745 0.145925 0.021034 0.020158
0 0.156442 0.183611 0.020158 0.018405
0 0.177476 0.195881 0.018405 0.014899
0 0.320333 0.179229 0.014899 0.016652
0 0.290973 0.249343 0.024540 0.023663
0 0.278265 0.297108 0.027169 0.022787
0 0.348379 0.332165 0.027169 0.026293
0 0.379930 0.332603 0.027169 0.028922
0 0.344435 0.410605 0.029798 0.032428
0 0.540316 0.302805 0.021911 0.016652
0 0.617879 0.297108 0.029798 0.026293
0 0.607362 0.381683 0.022787 0.018405
0 0.748028 0.285276 0.014899 0.014899
0 0.823839 0.239264 0.019281 0.015776
0 0.824277 0.258107 0.018405 0.016652
0 0.972831 0.251972 0.028046 0.027169
0 0.443909 0.942156 0.037686 0.029798
0 0.741455 0.941718 0.031551 0.027169
